8394666
8394665
8394664
8394663
8394662
8394661
8394660
8394659
8394658
8394657
8394656
8394655
8394654
8394653
8394652
8394651
8394650
8394649
8394648
8394647
8394646
8394645
8394644
8394643
8394642
8394641
8394640
8394639
8394638
8394637
8394636
8394635
8394634
8394633
8394632
8394631
8394630
8394629
8394628
8394627
8394626
8394625
8394624
8394623
8394622
8394621
8394620
8394619
8394618
8394617
8394616
8394615
8394614
8394613
8394612
8394611
8394610
8394609
8394608
8394607
8394606
8394605
8394604
8394603
8394602
8394601
8394600
8394599
8394598
8394597
8394596
8394595
8394594
8394593
8394592
8394591
8394590
8394589
8394588
8394587
8394586
8394585
8394584
8394583
8394582
8394581
8394580
8394579
8394578
8394577
8394576
8394575
8394574
8394573
8394572
8394571
8394570
8394569
8394568
8394567
